61,65,66,67,68
